Sample	FastQC_mqc-generalstats-fastqc-percent_duplicates	FastQC_mqc-generalstats-fastqc-median_sequence_length	STAR_mqc-generalstats-star-uniquely_mapped_percent	FastQC_mqc-generalstats-fastqc-total_sequences	FastQC_mqc-generalstats-fastqc-percent_fails	featureCounts_mqc-generalstats-featurecounts-Assigned	FastQC_mqc-generalstats-fastqc-avg_sequence_length	FastQC_mqc-generalstats-fastqc-percent_gc	featureCounts_mqc-generalstats-featurecounts-percent_assigned	STAR_mqc-generalstats-star-uniquely_mapped
MI_24Hr_SRR12108291.gencode			71.14			6030294			56.96536221402515	6429892.0
MI_24Hr_SRR12108291_1	70.29840022936065	76		9038623.0	30.0		75.48279843069017	44.0		
MI_24Hr_SRR12108291_2	63.97682345628163	76		9038623.0	30.0		75.4645479737345	46.0		
MI_24Hr_SRR12108294.gencode			75.95			8459075			59.32467808985628	9058182.0
MI_24Hr_SRR12108294_1	67.65499429692197	76		11926305.0	30.0		75.45676309636555	45.0		
MI_24Hr_SRR12108294_2	63.9628531024573	76		11926305.0	30.0		75.48119581043751	46.0		
MI_24Hr_SRR12108297.gencode			73.1			7616711			59.506768067692626	8097151.0
MI_24Hr_SRR12108297_1	68.30415115390187	76		11077004.0	30.0		75.44922255151303	45.0		
MI_24Hr_SRR12108297_2	61.897009357399725	76		11077004.0	30.0		75.43721109065231	47.0		
MI_24Hr_SRR12108298.gencode			73.83			8777530			58.20235665194799	9394137.0
MI_24Hr_SRR12108298_1	69.98715208135211	76		12724776.0	30.0		75.35558449123191	45.0		
MI_24Hr_SRR12108298_2	63.60704666943338	76		12724776.0	30.0		75.35733053375556	46.0		
MI_24Hr_SRR12108299.gencode			76.95			11760508			59.202422764563245	12660546.0
MI_24Hr_SRR12108299_1	70.50433468396338	76		16451998.0	30.0		75.33210829468858	45.0		
MI_24Hr_SRR12108299_2	66.12539972561504	76		16451998.0	30.0		75.32031896672976	46.0		
MI_6Hr_SRR12108289.gencode			73.81			7715088			58.381859468635035	8187499.0
MI_6Hr_SRR12108289_1	70.54260540392511	76		11092285.0	30.0		75.48568018221674	44.0		
MI_6Hr_SRR12108289_2	65.24078606170343	76		11092285.0	30.0		75.47336757034282	46.0		
MI_6Hr_SRR12108302.gencode			70.04			6799311			54.976357770644505	7406006.0
MI_6Hr_SRR12108302_1	72.660854429393	76		10573803.0	30.0		75.47345576610421	45.0		
MI_6Hr_SRR12108302_2	66.66313655237389	76		10573803.0	30.0		75.46392627137085	46.0		
MI_6Hr_SRR12108303.gencode			72.65			10702656			57.58352852623019	11384060.0
MI_6Hr_SRR12108303_1	73.08206660252443	76		15668800.0	30.0		75.4865731900337	44.0		
MI_6Hr_SRR12108303_2	67.68619499154718	76		15668800.0	30.0		75.46960245838865	45.0		
MI_6Hr_SRR12108305.gencode			70.77			10255969			54.13112915100482	10957403.0
MI_6Hr_SRR12108305_1	74.23153213528579	76		15482185.0	30.0		75.48339236354559	44.0		
MI_6Hr_SRR12108305_2	69.8402824372312	76		15482185.0	30.0		75.47303026026366	45.0		
MI_6Hr_SRR12108306.gencode			76.51			2890850			59.92469535490071	3045640.0
MI_6Hr_SRR12108306_1	66.59496504297745	76		3980622.0	30.0		75.42936606389655	46.0		
MI_6Hr_SRR12108306_2	61.850202298665785	76		3980622.0	30.0		75.39426049496787	46.0		
SHAM_24Hr_SRR12108290.gencode			71.06			5605284			55.43421083731877	6070892.0
SHAM_24Hr_SRR12108290_1	72.05252265806838	76		8543745.0	30.0		75.37398471045192	43.0		
SHAM_24Hr_SRR12108290_2	66.22087208434792	76		8543745.0	30.0		75.35803994618286	45.0		
SHAM_24Hr_SRR12108292.gencode			70.15			5187084			55.90827268438464	5553590.0
SHAM_24Hr_SRR12108292_1	71.23605677706685	76		7917133.0	30.0		75.43842891107172	43.0		
SHAM_24Hr_SRR12108292_2	64.34540960095187	76		7917133.0	40.0		75.43026509722648	46.0		
SHAM_24Hr_SRR12108293.gencode			70.62			3552591			55.56814529153172	3790649.0
SHAM_24Hr_SRR12108293_1	70.50193040655836	76		5367642.0	30.0		75.4566420413284	43.0		
SHAM_24Hr_SRR12108293_2	64.55573436901855	76		5367642.0	30.0		75.44711308988192	45.0		
SHAM_24Hr_SRR12108295.gencode			69.67			4718781			53.03202388316275	5562754.0
SHAM_24Hr_SRR12108295_1	77.10928189326593	76		7984554.0	30.0		75.50579869583198	46.0		
SHAM_24Hr_SRR12108295_2	69.70882792575475	76		7984554.0	40.0		75.49551120826536	49.0		
SHAM_24Hr_SRR12108296.gencode			71.14			6369326			57.47939276567404	6782074.0
SHAM_24Hr_SRR12108296_1	71.56024077326802	76		9533065.0	30.0		75.48856259765354	44.0		
SHAM_24Hr_SRR12108296_2	65.00525105723342	76		9533065.0	30.0		75.46613035786497	45.0		
SHAM_6Hr_SRR12108300.gencode			75.88			2716637			59.818740630741566	2841670.0
SHAM_6Hr_SRR12108300_1	68.77845686233402	76		3744848.0	30.0		75.47787066390946	45.0		
SHAM_6Hr_SRR12108300_2	63.9402375143557	76		3744848.0	30.0		75.4395844637753	46.0		
SHAM_6Hr_SRR12108301.gencode			70.69			5233145			57.61784714286485	5560110.0
SHAM_6Hr_SRR12108301_1	72.34294840852263	76		7865463.0	30.0		75.49114158950337	44.0		
SHAM_6Hr_SRR12108301_2	65.30512049232942	76		7865463.0	30.0		75.47220627698586	45.0		
SHAM_6Hr_SRR12108304.gencode			74.9			10974094			58.14203202171211	11650046.0
SHAM_6Hr_SRR12108304_1	75.30019920336592	76		15553981.0	20.0		75.49844769644504	44.0		
SHAM_6Hr_SRR12108304_2	70.73763775517048	76		15553981.0	30.0		75.47950605057316	45.0		
SHAM_6Hr_SRR12108307.gencode			75.46			3422279			60.25105140252731	3602328.0
SHAM_6Hr_SRR12108307_1	68.90281779850594	76		4773915.0	30.0		75.45158931401167	46.0		
SHAM_6Hr_SRR12108307_2	63.678169303827495	76		4773915.0	30.0		75.41538695179952	47.0		
SHAM_6Hr_SRR12108308.gencode			65.86			4610704			56.66082735525892	4894802.0
SHAM_6Hr_SRR12108308_1	74.07459791943853	76		7431793.0	30.0		75.48810253461042	43.0		
SHAM_6Hr_SRR12108308_2	64.51605322517692	76		7431793.0	40.0		75.46636538450412	46.0		
